size = 5 5
length = 5.000000 5.000000
velocity = 0.000000 0.000000
pressure = 0.100000
geometry = free
